[location]
real = -0.34842633784126914
imag = -0.60653940234393235
zoom = 10e20
depth = 100000
