[location]
real = -0.74364990
imag = 0.13188204
zoom = 9000
depth = 3000
