[location]
real = -0.7435669
imag = 0.1314023
zoom = 2688
depth = 3000
