[location]
real = -0.74364085
imag = 0.13182733
zoom = 44110
depth = 7000
