[location]
real = -0.74364388717342
imag = 0.13182590425182
zoom = 8894103000
depth = 13000
