[location]
real = -0.74364409961
imag = 0.13182604688
zoom = 8039829
depth = 9000
