[location]
real = -0.87591
imag = 0.20464
zoom = 10
depth = 1000
