[location]
real = -0.7436438885706
imag = 0.1318259043124
zoom = 1282881500
depth = 12000
