[location]
real = -0.743643135
imag = 0.131825963
zoom = 363906
depth = 7000
