[location]
real = -0.74364386269
imag = 0.13182590271
zoom = 39354040
depth = 10000
