[location]
real = -0.743643887037151
imag = 0.131825904205330
zoom = 103763670000
depth = 14000

