[location]
real = -0.743643900055
imag = 0.131825890901
zoom = 107964110
depth = 11000
