[location]
real = -0.759856
imag = 0.125547
zoom = 103
depth = 2000
