[location]
real = -0.7436447860
imag = 0.1318252536
zoom = 1814424
depth = 8000
