[location]
real = -0.743030
imag = 0.126433
zoom = 330
depth = 3000
