[location]
  
real = -2.2677664067387922388691356244792255191880358267082812585024439971401610105397724372362029456154053824622609164675371629196502594528331340581293956764916452361e-01
 
imag = -1.117239683936324591688558276484236515382167529582119984326546585480315896250189264406156057191817849297272681286515999107473779581849650803960450730872327827101e+00
 
zoom = 6.36119E152
depth = 3500000
